0.7687
1.2687
1.4366
1.6132
2.0085
2.5969
2.7793
2.8930
3.1310
3.6069
3.7917
3.9682
4.3494
4.7625
4.9632
5.1543
5.3120
5.5245
6.1023
6.3292
6.6674
7.2705
7.4624
7.5956
7.8232
8.3351
8.5216
8.9189
9.9916
10.4912
10.6512
10.8242
10.9885
11.1229
11.1760
11.4643
11.5300
11.6606
11.7856
11.9701
12.0997
12.4154
12.5958
12.7422
13.0614
13.4878
13.6625
13.8311
13.9745
14.0683
14.1345
14.4801
14.6604
14.7996
14.9127
15.0193
15.1007
15.2164
15.2863
15.5216
15.6803
15.8400
16.1755
16.5498
16.7366
16.8690
17.2005
17.6420
17.8194
18.0250
18.1819
18.3443
18.3945
18.7826
18.9689
19.1069
19.2742
19.4130
19.4902
19.9070
20.0835
20.2934
20.5941
20.9968
21.2036
21.3456
21.7185
21.8305
22.0626
22.2618
22.4381
22.7424
22.8227
23.1390
23.3209
23.5037
23.6506
23.7010
23.8724
24.2267
24.4923
24.5630
24.7198
24.9137
25.1364
25.2285
25.3402
25.9506
26.1630
26.5264
26.8477
27.0789
27.2690
27.3710
27.6048
28.1591
28.3463
28.7106
29.2941
29.4891
29.7977
30.3402
30.5136
30.7717
30.8945
31.5281
31.6668
32.0511
32.8598
33.1481
33.7895
33.9524
34.0929
34.2589
34.7813
34.9677
35.3209
35.9262
36.0250
36.4163
36.9279
37.0044
37.1773
37.5644
38.4831
38.6334
39.3718
39.7624
40.4590
40.5377
41.1341
41.2214
41.5397
41.9051
42.2690
42.3427
42.4199
42.6009
42.9691
43.6607
44.0155
44.8314
45.1784
45.5801
45.6304
45.7181
45.9284
46.2979
47.0889
47.4508
48.5599
49.1510
49.3245
49.6388
50.1277
50.1781
50.3417
50.7175
51.3538
51.4186
51.8054
51.8591
52.2919
52.5267
52.9483
53.9600
54.6822
55.0012
55.0771
55.7270
56.4371
56.4933
56.8100
56.8647
57.2012
57.5631
57.6571
57.7329
57.9035
57.9624
58.2982
58.9997
59.9354
60.0719
60.2342
60.4021
61.0324
61.2172
61.6043
62.1984
62.3743
62.6829
63.2688
63.4712
63.8329
64.4402
64.6338
64.7741
64.9562
65.5183
65.6838
66.0178
66.7923
67.2009
68.1999
68.3187
68.7812
68.9422
69.0850
69.2827
69.7355
69.7970
69.9943
70.3492
71.0096
71.3409
71.4155
71.7217
71.8714
71.9869
72.4701
73.1843
73.5050
73.6005
74.1093
74.3349
74.6200
74.6855
75.1270
75.3188
75.5105
75.6232
76.1715
76.3544
76.6829
77.0555
77.4013
77.7053
78.0227
78.1542
78.3825
78.4707
78.6761
78.7310
78.7850
78.8493
79.4813
79.6900
79.8492