0.0758
0.1401
0.2727
0.5367
0.6719
0.8042
0.9320
1.0659
1.1955
1.3294
1.4614
1.6097
1.7213
1.9839
2.2496
2.3807
2.5129
2.7774
3.0401
3.3056
3.5691
3.6316
3.8331
4.0956
4.3617
4.4923
4.6246
4.8888
5.0205
5.1528
5.4184
5.5490
5.6840
5.9467
6.2090
6.4744
6.6064
6.7384
7.0022
7.2649
7.5312
7.7941
8.0599
8.3216
8.5877
8.7180
8.8518
9.1160
9.2796
9.3792
9.5363
9.6460
9.7766
9.9117
10.0650
10.1733
10.3139
10.4364
10.7014
10.8329
10.9642
11.2288
11.4912
11.7564
12.0203
12.0816
12.2846
12.5473
12.8118
12.9435
13.0761
13.3403
13.6019
13.8676
13.9985
14.1339
14.3954
14.5302
14.6587
14.9231
15.0559
15.1881
15.4511
15.7134
15.9794
16.2446
16.5078
16.7708
17.0369
17.1676
17.3032
17.4439
17.5669
17.7031
17.8276
17.9767
18.0929
18.2239
18.3552
18.5050
18.6189
18.7501
18.8803
19.1466
19.2788
19.3983
19.6752
19.8032
19.9152
20.2018
20.4658
20.7291
20.9909
21.2561
21.3875
21.5210
21.7846
21.9140
22.0475
22.3119
22.4444
22.5782
22.7278
22.8408
22.9755
23.1037
23.3677
23.5000
23.6318
23.8968
24.1060
24.4248
24.5564
24.9538
25.2086
25.4804
25.6115
25.7441
26.0078
26.1380
26.2711
26.5349
26.6678
26.8014
26.9521
27.0656
27.3257
27.5531
27.7242
27.8575
28.0964
28.2424
28.3815
28.6473
28.9122
29.1510
29.4095
29.7036
29.8355
29.9690
30.0206
30.2324
30.4946
30.7610
30.8924
31.0258
31.2873
31.5512
31.8165
31.9478
32.0732
32.3429
32.6068
32.8712
33.1366
33.4008
33.6620
33.9286
34.0601
34.1946
34.3309
34.4575
34.7197
34.9846
35.1158
35.2514
35.5132
35.7747
36.0410
36.1721
36.3062
36.5503
36.6726
36.8311
37.0977
37.2881
37.6259
37.8884
38.1535
38.2854
38.4165
38.6820
38.9449
39.2098
39.3428
39.4748
39.6267
39.7391
40.0009
40.2663
40.3992
40.4993
40.7926
41.0552
41.2819
41.5854
41.8500
42.1129
42.2143
42.3761
42.5110
42.6429
42.7797
42.9073
43.0403
43.1679
43.3046
43.4348
43.5674
43.6888
43.9630
44.0974
44.2242
44.4887
44.6212
44.7532
45.0175
45.2796
45.5450
46.0743
46.3376
46.5725
46.7354
47.1307
47.3938
47.6580
47.7899
47.9237
48.1867
48.4499
48.7149
48.8474
48.9803
49.2427
49.5059
49.7717
50.2987
50.4836
50.8275
50.9592
51.0907
51.3544
51.4873
51.6147
51.7760
51.8809
52.0145
52.3061
52.4110
52.5207
52.6745
52.9043
53.0723
53.4680
53.7308
53.9950
54.1285
54.5244
54.7852
55.0496
55.1836
55.3142
55.5804
55.8419
56.1069
56.2400
56.3225
56.6356
56.8989
57.1608
57.2944
57.6931
57.9545
58.2195
58.4823
58.7490
58.9990
59.2780
59.4085
59.5461
59.6814
59.8064
60.0687
60.2202
60.3339
60.4642
60.5976
60.7480
60.8616
61.1228
61.3882
61.5194
61.6540
61.9149
62.1776
62.4433
62.7080
62.9701
63.1003
63.5001
63.6316
63.7652
64.0286
64.2919
64.5581
64.6887
64.8230
64.9727
65.0459
65.3481
65.5091
65.6124
65.7439
65.8764
66.1165
66.4023
66.6678
66.9322
67.1941
67.4243
67.5928
67.7012
67.8573
67.9622
68.0868
68.2216
68.3805
68.7600
68.9108
69.0474
69.1975
69.3070
69.4472
69.8356
69.9670
70.0991
70.3652
70.6274
70.7556
70.8922
71.0261
71.1571
71.4000
71.6839
71.9500
72.0804
72.2141
72.4777
72.7404
73.0058
73.1362
73.2714
73.5343
73.7958
74.0589
74.1935
74.2991
74.5889
74.8512
75.1164
75.3821
75.4605
75.6459
75.9096
76.1104
76.1750
76.3056
76.4424
76.5776
76.7032
76.9677
77.1041
77.2303
77.3617
77.4980
77.6466
77.7580
78.0215
78.2861
78.4180
78.5512
78.8140
78.9455
79.0772
79.3427
79.4751
79.6072
79.7138
79.8704
80.1338
80.3983
80.5302
80.6621
80.9253
81.1878
81.4541
81.5858
81.7198
81.9829
82.2449
82.3811
82.5091
82.6425
82.7103
83.0383
83.2998
83.5342
83.6998
83.8297
84.0933
84.3151
84.5107
84.7525
84.8906
85.0254
85.1507
85.2856
85.4155
85.5504
85.6790
85.8116
85.9466
86.2074
86.3516
86.4692
86.7357
86.8676
87.0011
87.2644
87.5265
87.7918
88.0554
88.3197
88.3881
88.5821
88.8349
88.9780
89.3751
89.6372
89.9026
90.0335
90.1700
90.4304
90.6928
90.9577
91.0907
91.4866
91.7493
92.0150
92.1477
92.5430
92.7436
93.0716
93.2026
93.3404
93.4710
93.5997
93.7355
93.8637
94.0213
94.1282
94.2605
94.3935
94.6568
94.7785
94.9186
95.1658
95.3144
95.4494
95.7113
95.9739
96.2390
96.3724
96.7675
97.0296
97.2952
97.4273
97.5627
97.8236
98.0863
98.3524
98.4821
98.5819
98.8798
99.1424
99.4076
99.5403
99.9350
100.1981
100.4643
100.7266
100.9937
101.2527
101.5232
101.6519
101.7877
101.9359
102.0480
102.1839
102.3117
102.4555
102.5770
102.7091
102.8424
103.1054
103.2415
103.3672
103.6330
103.7639
103.8958
104.1611
104.4227
104.6875
104.9514
105.2146
105.2775
105.4795
105.7203
105.8754
106.2732
106.5350
106.7996
106.9314
107.0644
107.3291
107.5914
107.8559
107.9889
108.1217
108.3838
108.6484
108.9122
109.4432
109.5734
109.6370
109.9707
110.1009
110.2350
110.3733
110.4987
110.6327
110.7602
111.0246
111.1569
111.2905
111.5530
111.6708
111.8146
112.0514
112.2123
112.6088
112.8709
113.1349
113.2563
113.6651
113.9281
114.1922
114.3276
114.4596
114.7228
114.9848
115.2515
115.3833
115.4760
115.7805
116.0419
116.3069
116.4399
116.8342
117.0969
117.3622
117.6234
117.8906
118.1231
118.4199
118.5502
118.6866
118.8342
118.9471
119.0847
119.2090
119.3561
119.4751
119.6066
119.7404
119.8934
120.0038
120.1366
120.2658
120.5320
120.6651
120.7959
121.0605
121.1944
121.3223
121.5887
121.8502
122.1161
122.3770
122.6423
122.7739
122.9067
123.0439
123.1724
123.4331
123.6970
123.8295
123.9630
124.1123
124.2261
124.3576
124.4878
124.7544
124.8858
125.0180
125.2830
125.4144
125.5449
125.8109
126.0752
126.3396
126.6014
126.8684
126.9998
127.1323
127.2713
127.3984
127.6610
127.9269
128.0572
128.1912
128.3425
128.4556
128.7150
128.9624
129.1136
129.2459
129.3551
129.5085
129.7554
130.0373
130.2966
130.5665
130.8283
131.0940
131.2258
131.3586
131.4976
131.6244
131.7535
131.8856
132.1506
132.2825
132.4160
132.5650
132.6806
132.9398
133.1888
133.3377
133.4703
133.7321
133.9917
134.2627
134.3954
134.5269
134.6618
134.7909
135.0544
135.3187
135.4509
135.5856
135.7204
135.8478
135.9796
136.1086
136.2463
136.3751
136.5065
136.6288
136.7786
136.8947
137.0270
137.1547
137.4202
137.5524
137.6863
137.9490
138.2106
138.4766
138.7412
139.0042
139.1357
139.5325
139.6644
139.7972
140.0607
140.3239
140.5886
140.7206
140.8550
141.0032
141.0824
141.2528
141.3800
141.5406
141.6453
141.7766
141.9094
142.1494
142.4374
142.7020
142.9674
143.2294
143.4625
143.6316
143.8911
144.0257
144.2578
144.4145
144.5527
144.7899
144.9460
145.0836
145.2328
145.3429
145.4810
145.6090
145.8704
146.0016
146.1349
146.3988
146.6622
146.7922
146.9267
147.1922
147.4358
147.7176
147.9838
148.1156
148.2470
148.3213
148.5111
148.7736
149.0391
149.1687
149.3036
149.4527
149.5676
149.8294
150.0913
150.2255
150.3299
150.6237
150.8846
151.1505
151.4148
151.6787
151.9408
152.1419
152.2063
152.3377
152.4737
152.6090
152.7352
152.8704
152.9985
153.2626
153.3940
153.5320
153.6834
153.7945
154.0566
154.3223
154.4536
154.5871
154.8181
155.1139
155.3769
155.5114
155.6438
155.9058
156.1689
156.4337
156.5659
156.6964
156.9616
157.2241
157.4883
157.6209
157.7547
157.9059
158.0171
158.1499
158.2800
158.5441
158.6763
158.7667
158.9880
159.0419
159.3110
159.5467
159.6011
159.7334
159.8648
160.1281
160.2618
160.3912
160.4983
160.6566
160.7908
160.9229
161.0595
161.1856
161.3215
161.4502
161.5860
161.7117
161.8448
161.9741
162.2405
162.3685
162.5034
162.7685
162.9010
163.0324
163.2970
163.5597
163.8244
164.0863
164.3527
164.6155
164.8501
165.0120
165.4092
165.6717
165.9376
166.0691
166.2033
166.4660
166.7287
166.9924
167.1246
167.2571
167.5206
167.7837
168.0485
168.5757
168.7598
169.1030
169.2350
169.3704
169.5022
169.6313
169.7651
169.8942
170.0489
170.1583
170.2903
170.4246
170.6872
170.8073
170.9509
171.1809
171.3472
171.4772
171.7432
172.0060
172.2702
172.4023
172.7986
173.0598
173.3260
173.4595
173.8564
174.1184
174.3842
174.5156
174.5985
174.9117
175.1742
175.4382
175.5706
175.7030
175.9662
176.2300
176.4940
176.7550
177.0233
177.2709
177.5521
177.6806
177.8137
177.9666
178.0777
178.2139
178.3412
178.4811
178.6060
178.7378
178.8701
179.1338
179.3956
179.6618
179.7926
179.9255
180.1888
180.4518
180.7173
180.9798
181.2459
181.5088
181.7746
181.9058
182.0376
182.3022
182.4364
182.5652
182.8306
182.9634
183.0972
183.3603
183.6232
183.8873
184.0200
184.1528
184.4160
184.6789
184.9195
185.4715
185.6709
185.9994
186.1308
186.2664
186.4007
186.5282
186.6625
186.7900
187.0543
187.1870
187.3210
187.4757
187.5834
187.8454
188.0587
188.1113
188.2424
188.3758
188.6398
188.9032
189.1674
189.2673
189.6971
189.9588
190.2224
190.3553
190.4887
190.7520
191.0139
191.2788
191.4100
191.5025
191.8067
191.9626
192.0688
192.3337
192.4662
192.5999
192.8634
193.1263
193.3919
193.6214
193.9214
194.1394
194.4512
194.5805
194.7195
194.8701
194.9817
195.1176
195.2452
195.3869
195.5093
195.6400
195.7730
196.0375
196.2990
196.5660
196.6971
196.8290
197.0923
197.3554
197.6205
197.7558
197.8831
198.1496
198.4124
198.6790
198.8101
199.2073
199.4695
199.7341
199.8660
199.9997
200.2622
200.3982
200.5249
200.7885
200.9205
201.0538
201.3178
201.5808
201.8219
201.9764
202.3737
202.5052
202.5701
202.9014
203.0331
203.1678
203.3036
203.4312
203.5656
203.6940
203.9568
204.0896
204.2234
204.4861
204.6111
204.7491
204.9567
205.0119
205.1461
205.2792
205.5444
205.8066
206.0729
206.1716
206.6010
206.8621
207.1282
207.2597
207.3922
207.6577
207.9197
208.1849
208.3159
208.4086
208.7136
208.8666
208.9742
209.2397
209.3712
209.5051
209.7682
210.0312
210.2964
210.5611